0 0.404371 0.417840 0.039961 0.057486
0 0.409316 0.582924 0.053508 0.068403
0 0.693453 0.502632 0.035781 0.050653
0 0.376441 0.476813 0.039961 0.057486
0 0.426203 0.434785 0.024469 0.028347
0 0.215191 0.404625 0.024742 0.037472
0 0.665562 0.944743 0.110937 0.110514
0 0.295660 0.419361 0.024742 0.037472
0 0.264355 0.414778 0.024742 0.037472
0 0.174480 0.397437 0.014773 0.027681
0 0.189594 0.394479 0.014781 0.027681
0 0.255207 0.482965 0.039961 0.057486
0 0.196516 0.444104 0.019781 0.037903
0 0.542754 0.455375 0.044727 0.050056
0 0.376441 0.517868 0.039961 0.057486
0 0.248613 0.448354 0.039961 0.057486
0 0.332215 0.487368 0.039961 0.057486
0 0.352504 0.413264 0.024742 0.037472
0 0.239309 0.400361 0.024742 0.037472
0 0.880219 0.931361 0.161594 0.134778
0 0.597602 0.826569 0.094047 0.139778
0 0.498109 0.628722 0.066484 0.102194
0 0.766156 0.642278 0.077375 0.085111
0 0.920125 0.651618 0.100234 0.102764
0 0.703902 0.503556 0.056852 0.056694
0 0.628617 0.510549 0.052250 0.047597
0 0.650879 0.573160 0.051320 0.038792
0 0.467348 0.438743 0.040352 0.050375
0 0.308668 0.521285 0.039961 0.057486
0 0.544996 0.502125 0.044727 0.050056
0 0.657918 0.699174 0.088586 0.113542
0 0.401004 0.677424 0.060992 0.114903
0 0.443539 0.502944 0.049437 0.066778
0 0.369398 0.587653 0.046719 0.076750
0 0.390766 0.585007 0.090297 0.082125
