0 0.546285 0.581903 0.066523 0.116250
0 0.840418 0.959729 0.047195 0.068264
0 0.282738 0.782111 0.078508 0.169556
0 0.936516 0.692208 0.085641 0.076556
0 0.979398 0.580125 0.041125 0.071694
0 0.447281 0.573403 0.053781 0.065833
0 0.610254 0.474090 0.050336 0.051625
0 0.596523 0.529813 0.038641 0.048931
0 0.397578 0.657521 0.069687 0.137236
0 0.929129 0.608486 0.083602 0.075306
0 0.676910 0.580743 0.062211 0.066819
0 0.522504 0.693181 0.066523 0.116250
0 0.682719 0.721694 0.086203 0.128083
0 0.811191 0.676153 0.085023 0.082917
0 0.663152 0.476292 0.043758 0.030861
0 0.200289 0.476736 0.035078 0.049278
0 0.272793 0.585847 0.055102 0.084722
0 0.499809 0.480931 0.043664 0.048417
0 0.262422 0.411007 0.026672 0.032208
0 0.211887 0.436861 0.035070 0.049278
0 0.350098 0.463729 0.043586 0.039986
0 0.335527 0.504951 0.055102 0.084736
0 0.330227 0.555215 0.055094 0.084736
0 0.472809 0.420438 0.050789 0.054125
0 0.312953 0.416708 0.026672 0.032222
0 0.170109 0.391472 0.016594 0.031361
0 0.239113 0.521201 0.048914 0.050153
0 0.681547 0.941021 0.104406 0.117958
0 0.373375 0.409333 0.029609 0.033028
0 0.446449 0.464035 0.030852 0.039153
0 0.233930 0.396528 0.026672 0.032222
0 0.241219 0.471049 0.035078 0.049264
0 0.537887 0.429646 0.044383 0.052375
0 0.389855 0.439903 0.029602 0.033028
0 0.188961 0.394354 0.016594 0.031375
0 0.262664 0.448257 0.035078 0.049264
0 0.283621 0.639250 0.055102 0.084722
