0 0.427215 0.435222 0.038383 0.042139
0 0.554691 0.465299 0.054211 0.053569
0 0.192801 0.396618 0.025477 0.039514
0 0.240504 0.530271 0.037305 0.064431
0 0.326355 0.416861 0.034852 0.035861
0 0.398941 0.447014 0.034852 0.035861
0 0.597324 0.463396 0.032930 0.049153
0 0.762918 0.409319 0.037430 0.050444
0 0.462691 0.949444 0.114289 0.095083
0 0.497332 0.481389 0.042758 0.038750
0 0.686523 0.742688 0.090188 0.116347
0 0.271941 0.832722 0.080508 0.161889
0 0.275813 0.707993 0.062688 0.101264
0 0.608117 0.889674 0.110719 0.182292
0 0.768801 0.568944 0.067367 0.067306
0 0.814422 0.519597 0.059906 0.057917
0 0.772852 0.652861 0.078312 0.090583
0 0.635223 0.557438 0.058961 0.051931
0 0.477684 0.625000 0.080508 0.161889
0 0.377770 0.625000 0.080508 0.161889
0 0.241117 0.405382 0.025484 0.039514
0 0.271437 0.486458 0.037297 0.064417
0 0.965617 0.707667 0.064375 0.065278
0 0.269227 0.402125 0.025484 0.039500
0 0.305703 0.471562 0.037297 0.064431
