0 0.779273 0.545604 0.044672 0.039958
0 0.368637 0.417083 0.031117 0.042417
0 0.240484 0.466326 0.041906 0.049708
0 0.502387 0.554028 0.049195 0.056472
0 0.426773 0.501889 0.048359 0.075306
0 0.219824 0.396472 0.031117 0.042417
0 0.669730 0.493542 0.059820 0.047861
0 0.366207 0.502799 0.048367 0.075319
0 0.508352 0.438681 0.120812 0.125639
0 0.745027 0.559569 0.055695 0.054778
0 0.396125 0.691528 0.059344 0.093444
0 0.560852 0.510090 0.048672 0.048569
0 0.659371 0.514181 0.059820 0.047861
0 0.289469 0.501903 0.037484 0.041806
0 0.227262 0.470313 0.069102 0.060264
0 0.697781 0.591556 0.142875 0.134139
0 0.453301 0.936993 0.104492 0.123792
0 0.346480 0.431861 0.031117 0.042417
0 0.866848 0.720812 0.096039 0.097514
0 0.437375 0.437049 0.029266 0.037625
0 0.620637 0.550562 0.052273 0.055542
0 0.267316 0.539250 0.040164 0.069194
