0 0.627508 0.850264 0.126859 0.222528
0 0.286902 0.411590 0.033633 0.054236
0 0.304586 0.425285 0.033625 0.054236
0 0.371324 0.508437 0.043039 0.062375
0 0.187668 0.421229 0.027961 0.039792
0 0.218480 0.390993 0.033633 0.054236
0 0.498000 0.419340 0.119109 0.082792
0 0.364195 0.415146 0.033625 0.054236
0 0.318848 0.477007 0.043039 0.062375
0 0.343520 0.440479 0.033633 0.054236
0 0.272355 0.494243 0.043039 0.062375
0 0.955594 0.604542 0.060469 0.071000
0 0.258871 0.546056 0.041852 0.098833
0 0.565293 0.478840 0.051898 0.052153
0 0.682031 0.497563 0.052500 0.052875
0 0.800590 0.506889 0.063258 0.047667
0 0.567648 0.498556 0.055547 0.091250
0 0.778430 0.655236 0.084578 0.071583
0 0.332496 0.536979 0.043039 0.062375
0 0.301055 0.650069 0.051656 0.093056
0 0.424316 0.566549 0.052336 0.080403
0 0.821996 0.559021 0.068773 0.055764
0 0.709703 0.551840 0.060687 0.062014
0 0.193457 0.442035 0.027961 0.039792
0 0.468766 0.960083 0.125281 0.076556
0 0.256184 0.935694 0.124508 0.128611
0 0.649273 0.443757 0.119109 0.082792
0 0.388730 0.434410 0.043039 0.062375
0 0.248684 0.402979 0.033633 0.054236
