0 0.307414 0.529340 0.047016 0.072653
0 0.229352 0.399222 0.017469 0.027139
0 0.253961 0.403979 0.028953 0.037847
0 0.180090 0.418056 0.023039 0.047528
0 0.194980 0.441819 0.023039 0.047528
0 0.196297 0.477444 0.023047 0.047528
0 0.565664 0.439889 0.042078 0.038722
0 0.561832 0.487986 0.042070 0.038722
0 0.830715 0.612056 0.071617 0.062139
0 0.985582 0.636264 0.028383 0.087583
0 0.639145 0.561507 0.038602 0.050625
0 0.239656 0.521167 0.040266 0.063167
0 0.382117 0.624201 0.050766 0.077236
0 0.340457 0.421069 0.031586 0.039028
0 0.668086 0.521965 0.043828 0.044931
0 0.423809 0.421687 0.037070 0.034153
0 0.507133 0.464465 0.040359 0.037986
0 0.874926 0.697778 0.079148 0.081972
0 0.429934 0.890938 0.120289 0.217431
0 0.273965 0.839493 0.085648 0.135764
0 0.853082 0.942514 0.107055 0.108250
0 0.598031 0.642292 0.070578 0.106833
0 0.295734 0.463549 0.050766 0.077236
0 0.189246 0.396958 0.019836 0.037861
0 0.348813 0.492340 0.050766 0.077236
