0 0.966137 0.714472 0.065508 0.101889
0 0.353422 0.465382 0.048797 0.066292
0 0.440617 0.581764 0.052109 0.067083
0 0.840277 0.547160 0.091758 0.080875
0 0.285074 0.402215 0.034242 0.037181
0 0.199203 0.399951 0.018031 0.033431
0 0.279227 0.579271 0.102594 0.212708
0 0.247672 0.513035 0.038875 0.065875
0 0.258914 0.464451 0.038875 0.065875
0 0.245547 0.439340 0.038875 0.065875
0 0.434383 0.420514 0.053391 0.056028
0 0.342871 0.543014 0.040086 0.067778
0 0.217102 0.400708 0.018031 0.033417
0 0.362219 0.431326 0.033219 0.044292
0 0.595125 0.528715 0.048922 0.060597
0 0.839027 0.618604 0.091758 0.080875
0 0.499820 0.556868 0.065250 0.073042
0 0.532348 0.674667 0.070008 0.105194
0 0.491508 0.462472 0.038531 0.040222
0 0.626020 0.499549 0.052102 0.053181
0 0.447813 0.457743 0.046500 0.048264
0 0.517055 0.430181 0.053391 0.056028
0 0.324957 0.415486 0.028836 0.048750
0 0.177492 0.389403 0.018031 0.033417
0 0.722699 0.548438 0.064523 0.070153
