0 0.386320 0.626479 0.060344 0.094069
0 0.269617 0.487424 0.055906 0.070347
0 0.340156 0.489243 0.055906 0.070347
0 0.482750 0.459958 0.040453 0.051111
0 0.306184 0.413299 0.020102 0.019597
0 0.450570 0.521049 0.055906 0.070347
0 0.613719 0.476444 0.036594 0.034639
0 0.575605 0.480167 0.052039 0.051056
0 0.482926 0.471910 0.041492 0.029542
0 0.591023 0.523118 0.037328 0.045514
0 0.456922 0.587201 0.055906 0.070347
0 0.276934 0.604681 0.046836 0.076667
0 0.785410 0.561993 0.099039 0.095264
0 0.850078 0.562396 0.061766 0.079153
0 0.718422 0.604090 0.064609 0.080347
0 0.528711 0.726479 0.068359 0.103097
0 0.375945 0.432472 0.041578 0.049500
0 0.412742 0.432000 0.041578 0.049500
0 0.256328 0.394736 0.041578 0.049500
0 0.215438 0.396556 0.041578 0.049500
0 0.177098 0.386556 0.041586 0.049500
0 0.429777 0.922458 0.128570 0.148139
0 0.813316 0.909687 0.166180 0.179792
