0 0.736105 0.518403 0.052773 0.050639
0 0.174422 0.371736 0.066312 0.090139
0 0.265363 0.437007 0.040148 0.049764
0 0.285625 0.625569 0.053938 0.103528
0 0.616543 0.497646 0.051570 0.059653
0 0.369879 0.437472 0.027508 0.032222
0 0.386641 0.481681 0.037359 0.036500
0 0.235293 0.472937 0.040148 0.049764
0 0.539145 0.570458 0.059664 0.084472
0 0.700043 0.537701 0.057023 0.058625
0 0.328500 0.538403 0.042844 0.066806
0 0.476270 0.632667 0.059898 0.081889
0 0.322918 0.444431 0.040883 0.048083
0 0.254027 0.401944 0.033555 0.039722
0 0.515199 0.426674 0.051945 0.040542
0 0.380984 0.522458 0.046750 0.090889
0 0.462590 0.511375 0.059664 0.084472
0 0.990824 0.642319 0.018023 0.057972
0 0.226668 0.447076 0.040148 0.049764
0 0.404418 0.448868 0.035930 0.037542
0 0.438078 0.582187 0.048578 0.062819
0 0.623305 0.679708 0.078016 0.101861
0 0.842543 0.615944 0.072773 0.069472
0 0.552844 0.472118 0.052297 0.055625
0 0.292566 0.503799 0.040148 0.049764
0 0.666191 0.469438 0.051945 0.040542
0 0.293965 0.400194 0.033555 0.039722
0 0.274520 0.466361 0.037211 0.042000
0 0.778332 0.642958 0.087617 0.117111
0 0.262273 0.898542 0.121719 0.191667
0 0.463562 0.449715 0.035922 0.037542
0 0.222613 0.405681 0.033555 0.039722
